Agreeableness: 1.6172438571077898
Conscientiousness: 1.114661130737398
Extraversion: 1.830851251413804
Neuroticism: 1.0975091843604738
Openness: 2.105064009445578
